ScSmagnetic.grd
DSAA
66 46
747000 844500
1659600 1727100
-61.982761158837 405.21162006295
20.55 11.18 0.2779 -10.7 -20.25 -30.34 -27.09 -24.14 -16.94 -7.37 
2.525 14.61 26.45 37.97 49.7 61.63 74.26 89.04 104.2 124.1 
141.3 159.1 175.2 179.7 185.3 188.4 191 195.1 200.1 204.9 
212.5 218.5 225.6 231.5 235.2 237.7 236.8 233.5 228 220.6 
213 205.4 199.2 194.5 201.6 213.8 226.9 241.4 253.3 263.4 
270.8 273.6 272.5 269.5 265.7 260.5 256.3 252.3 249 247.1 
244.9 244 242.7 241.3 238.4 232.6 

36.49 26.97 15.84 4.703 -5.293 -12.49 -13.47 -11.1 -5.71 1.946 
10.43 19.97 29.4 38.44 47.27 55.94 65.05 75.46 87.54 103.4 
121 140.5 157.7 167.5 175.9 182.3 188.1 194.7 202.1 209.8 
219 227.5 236.4 243.7 248.6 251.2 249.8 245.2 237.8 228.9 
219.9 212.3 206.9 204 213.2 227.2 241.4 256.5 268.3 278.1 
284.8 286.6 284.5 280.8 275.7 270.1 265.9 261.9 258.8 257.4 
255.5 255.9 255.1 254.3 252.6 247 

55.54 46.09 34.9 24.1 14.49 7.905 5.609 6.735 10.25 15.49 
21.77 28.34 34.83 40.66 45.79 50.39 54.75 59.53 66.16 75.31 
92.55 114.2 133.8 149.5 162.5 173.7 184.1 194.4 205.1 216.3 
227.7 239.2 249.7 258.7 264.8 267.1 265.2 258.4 248.6 238.1 
228.3 221.7 220.9 224.7 235.1 249.5 264 276.9 287.3 294.1 
298 298.4 295.8 291.9 286.9 282.1 277.9 274.6 272.4 271.3 
271.1 271.6 271.9 271.4 268.9 262.6 

72.68 64.28 54.03 44.07 35.24 29.04 26.15 26.14 27.98 31.17 
35.16 39.08 42.67 45.32 46.83 47.33 46.95 46.27 47.53 50.84 
67.11 90.1 112.1 131.8 148.8 164.2 178.7 192.6 206.5 221 
234.9 249.2 261.7 272.5 279.9 281.8 280.4 270.7 258.8 247.6 
237.8 231.6 237.1 245.1 258.1 273.6 287.4 297.4 306.7 308.8 
310.3 308.9 305.4 301.6 296.7 292.9 289.2 286.9 285.8 285.7 
287 288.7 290.2 290.1 287.6 281.5 

87.55 80.79 71.97 63.29 55.75 50.17 47.02 46.03 46.59 48.16 
50.15 51.95 53.06 53 51.47 48.45 44.07 39.2 35.66 36.72 
50.01 71.95 95.07 116.9 136.8 155 172.1 188.7 205.2 221.9 
238.5 254.7 269.5 281.9 289.8 292.1 289.1 279.1 266.6 256 
248.9 247.9 254.4 265.7 279.7 294.6 306.3 313.5 317.8 318.7 
317.8 315.3 311.6 307.8 303.8 300.6 298.2 297 297.4 299.1 
302.2 306 309 309.6 306.8 299.9 

102.7 96.24 88.84 81.82 75.59 70.75 67.81 66.36 66.05 66.44 
67 67.16 66.42 64.33 60.44 54.77 47.3 38.45 31.4 25.29 
38.85 61.2 83.93 106.6 127.4 146.9 165.5 183.5 201.6 219.9 
238.3 256.4 272.1 286.2 294.8 295.7 294.8 280.9 268.1 259.1 
255.4 258.7 268 282.3 296.8 311.9 321.8 324.3 325.5 323.9 
321.4 318.2 314.6 311.2 308.2 306 304.9 305.2 307.4 311.4 
316.5 323.7 328.7 330.2 327.1 318.6 

112.9 109.2 104.4 99.46 94.87 91.1 88.51 86.98 86.22 85.92 
85.59 84.75 82.9 79.58 74.39 67.22 58.1 47.85 38.46 33.38 
42.04 60.36 80.96 101.9 121.8 140.8 159.2 177.4 195.9 214.7 
233.6 251.8 267.4 280 286.4 285.5 281.5 269.3 258.3 252.4 
253 260.5 273.6 290.2 305.2 318.8 326.8 327.4 326.7 323.9 
320.8 317.5 314.4 311.9 310.1 309.4 309.9 312 316.9 324.1 
332.3 343.5 350.9 353.1 349 338.4 

123.4 121.8 119.6 116.8 113.8 111.1 109.1 107.7 106.9 106.4 
105.8 104.5 102.3 98.61 93.04 85.45 75.84 64.92 54.45 47.57 
53.38 67.71 84.58 102.3 119.7 136.6 153.4 170.4 188 206.3 
224.8 242.3 255.8 265.5 268.2 263 255.2 245.4 237.4 235.7 
241.3 253.2 270.8 290.1 304.8 315.4 321.4 322.3 321.1 318.6 
315.8 313.2 311.1 309.9 309.7 310.7 313 317.4 325.6 337.3 
350.9 365.3 376.2 377.9 371.4 358.1 

136.2 135.8 135.5 134.3 132.7 130.9 129.6 128.6 128.1 127.7 
127.2 126.2 124.3 121 115.9 108.8 99.69 88.91 77.99 69 
71.92 81.81 93.85 107.2 120.6 134.1 147.9 162.4 178 194.6 
211.8 227.9 237.7 243.7 242.5 232.6 223.5 215.2 210 212.7 
222.6 238.2 259.7 284 296.6 305.9 311.1 311.7 310.9 308.9 
306.9 305.4 304.7 305.2 306.9 309.9 313.9 320 331.6 348.2 
365.8 383.8 400.1 398.5 389 374.2 

150.4 151.2 152.3 152.4 151.6 150.6 149.8 149.4 149.3 149.4 
149.5 149.2 148.2 146 142.2 136.4 128.6 118.9 108.1 99.72 
97.81 101.5 107.9 115.7 124.1 133 142.6 153.4 165.9 180 
194.9 207.7 213.2 212.5 206.2 195.5 186 181.5 181.6 187.6 
199.5 217.4 240.7 263.6 279.3 289 294.4 296.2 296.2 295.3 
294.5 294.5 295.5 298.1 302 306.8 312.7 321 335.7 356.1 
376.4 393.7 405.2 403 391.2 373.3 

165.5 168.3 170.3 171 170.6 170 169.7 169.7 170.2 171.1 
172.1 173 173.3 172.6 170.6 166.7 160.7 152.5 141.1 130.7 
125.5 124 124.6 126.5 129.4 132.8 137.3 143.4 151.6 162.1 
174.5 187.2 185.6 178.9 169.1 156.4 145.7 147.4 152.3 161.5 
174.3 192.2 218.4 243.2 258.6 268.6 274.6 277.3 278.4 278.6 
279 280.5 283.5 288.4 295.3 302.5 310.3 318.3 335.2 360.3 
382.3 395.2 402.4 396.4 381.5 362 

185.7 187.8 189.3 189.7 189.3 188.9 188.8 189.2 190.4 192.2 
194.3 196.6 198.6 199.9 200 198.2 194 186.4 175.1 163.4 
154.1 147.5 142.6 138.9 135.9 133.5 132.2 132.7 135.4 141.1 
149.1 155.4 152.5 143.8 132.8 121.4 114.8 118.9 127.8 139.4 
153.3 171.7 196.3 219.7 235.5 246 252.6 256.2 258.1 259.2 
260.8 263.8 268.9 277 287.7 298.7 309.6 319 335.7 359 
378 385.7 389.1 379.3 362.4 342.6 

205.6 207.6 208.4 207.9 207.1 206.4 206.4 207.4 209.2 212 
215.5 219.4 223.3 226.6 229 229.3 227.3 221.3 208.3 194.7 
182.2 171.2 161.5 152.4 143.9 135.7 128.2 122.9 119.5 119.2 
123.4 124.9 120.3 110.7 100.6 91.96 88.34 97.29 109.9 123.3 
137.3 154.6 176.4 196.8 212.2 222.8 229.7 233.7 236 237.7 
239.9 243.9 251.1 262.5 277.9 294.8 309.4 323.9 337.9 351 
361.2 364.4 361.6 350.9 334.3 315 

224.4 226.5 226.1 224.5 222.9 222 222.1 223.5 226.1 230 
234.8 240.3 246.1 251.4 255.7 257.8 257 251.5 238.2 223.3 
208.4 194.2 180.7 167.3 154 140.7 127.9 117.8 109.5 103.9 
104.3 102.1 95.43 85.57 77.59 72.9 71.08 86.08 100.8 114.6 
126.9 141 160.6 178 191.3 200.9 207.2 210.9 213 214.1 
216.1 220.3 228.3 242.2 262.2 286.5 301.4 319.5 329.9 334.5 
339.1 335.9 330 317.6 301.4 283.3 

242.2 243.1 241 238.3 236 234.8 235 236.9 240.4 245.4 
251.7 258.8 266.3 273.5 279.5 282.7 282.3 276.5 263.9 248.5 
232.4 216.2 200 183.5 166.6 149.5 132.7 119.1 108.4 100.2 
94.62 88.31 80.07 71.03 66.64 68.4 75.02 88.07 102.6 114.6 
124.6 136 149.5 162.6 173.1 180.8 185.8 188.5 189.3 189.2 
189.7 192.6 200.1 215 237.1 260.5 278.8 293.6 302.3 305.2 
305.2 300.7 292.7 280.8 265.8 249.4 

255.3 254.2 251.1 247.7 245 243.9 244.5 247.1 251.5 257.7 
265.4 274.1 283.4 292.3 300 303.9 304 299.5 285.6 270.4 
253.9 237 219.6 201.4 181.9 162.8 141.8 126.6 114 102.2 
93.61 83.89 75.19 65.12 64.17 73.34 83.4 97.2 111.5 119.5 
125.3 132.5 141.2 150 157.2 162.6 165.8 166.9 166.1 163.6 
161.4 161.8 166.5 180.4 205.1 230.9 246.7 258.9 265.9 267.8 
266.6 261.6 253.5 243.1 230.2 216.3 

255.6 257 254.4 251.4 249.3 248.7 250.1 253.5 259 266.3 
275.4 285.7 296.6 307.1 315.8 320 319.4 313.6 302.2 288.1 
272.7 256.4 239.2 221.1 201.9 182 161.8 143.6 127.6 113.2 
101.2 90.69 82.19 76.14 78.12 87.97 98.96 109.7 119 123.7 
126.1 129.2 133.6 138.4 142.6 145.7 147.1 146.5 143.6 138.5 
133.2 130.4 132.3 144.3 167.5 191.8 207 218 224.5 226.7 
225.9 221.7 215.1 207.2 197.8 187.7 

254.8 255 252.7 250.3 249 249.3 251.6 255.9 262.4 270.9 
281.2 293 305.5 317.6 328.1 332.1 330.4 324.6 314.4 302.1 
288.5 273.9 258.2 241.2 223 203.9 185 164.8 145.4 128.7 
114.5 103.5 96.94 94.42 98.61 108.9 119 124 127.1 127.3 
126 125.3 125.8 127.1 128.6 129.7 129.6 127.7 122.8 114.6 
106 99.83 98.14 107.3 127.6 148 163.4 173.9 181 184.7 
185.3 183 178.7 174.5 170 165.1 

247.1 248.2 246.6 244.9 244.6 245.9 249.1 254.3 261.7 271.2 
282.5 295.3 309 322.2 333.4 337.8 336 330.7 322.1 312 
300.8 288.7 275.1 259.9 243.1 224.5 205.5 184.3 163.3 145.3 
130.5 120 115.7 115.6 120.8 130.1 137.6 136.9 134.8 130 
124.6 120.2 117.2 115.5 114.8 114.3 113 110.1 103.9 92.54 
80.76 72.59 67.03 72.74 92.23 109.5 122.9 132.2 139.8 145.3 
147.8 147.8 144.9 145.7 146 146 

237 238 236.7 235.8 236.4 238.7 242.8 248.8 256.9 266.9 
278.8 292.3 306.7 320.9 332.9 337.4 335.7 331.3 324.7 317.3 
309.1 300 289 276.1 260.7 241.8 221.5 200.2 179.3 161.3 
147.1 137.9 136.3 139.3 144 149 150.7 146.4 139.1 130.4 
121.4 113.5 107.3 102.9 100.3 98.61 96.4 92.85 85.28 72.19 
59.27 51.07 48.09 53.19 65.6 78.34 88.49 96.21 103.8 110.8 
115.7 118.4 119.8 122.3 125.4 129.1 

225.4 225.5 224.1 223.7 225.2 228.2 233 239.6 248 258.2 
270.1 283.6 298.3 312.4 326.3 330.3 328.6 325.8 321.3 317 
312 306.4 298.1 287.2 274.9 254.6 234.7 213.7 193.5 176.4 
164 153.6 157.2 162.4 165.4 166.1 164.3 153.3 141.6 128.6 
116.1 104.9 95.66 88.74 84.27 81.9 78.3 74.91 69.3 52.17 
38.08 33.15 32.96 37.59 46.29 54.64 61.36 65.42 73.38 82.38 
89.03 94.22 98.12 102.6 107.7 113.5 

211.4 211.2 209.6 209.4 211.4 215.1 220.4 227.2 235.5 245.3 
256.6 269.1 282.5 295.7 307.1 312.5 313 312.2 311 309.9 
308.4 305.8 300 290.4 277.6 260.9 242.6 223.8 206.1 192.1 
182.9 178.1 179.4 182.5 182.2 177.8 169.3 155.7 140.2 124.1 
108.6 94.47 82.36 72.83 66.14 61.09 55.13 48.91 41.51 30.07 
21.53 20 22.58 27.42 33.53 38.94 43.15 46.12 53.01 61.71 
68.96 75.2 80.38 85.88 91.8 98.39 

197.6 195.8 193 193.1 195.8 199.8 205.4 212.1 219.9 228.9 
238.9 249.8 261.4 273 283.8 288.8 290.5 291.8 293.5 296.1 
297.9 299.4 295.9 287 276.1 261.8 246.3 230.4 215.4 204.7 
200.2 198.7 199.2 200.7 195.8 185 171.6 154.5 136.1 117.6 
99.53 82.93 68.21 55.86 47.51 39.99 30.78 19.57 10.59 8.013 
7.232 10.55 16.72 22.15 26 29.54 32.31 35.45 40.88 47.9 
54.72 60.83 66.39 71.91 77.63 83.87 

181.6 179.5 176.8 176.5 179.2 183.4 188.8 195.2 202.2 209.8 
217.9 226.6 235.7 245 253.5 258.5 261.3 264.5 268.7 274 
278.7 282.8 282 276.1 268.2 257.6 245.8 233.6 222.2 215 
213.4 213.3 212.3 210.5 201.5 186.6 169.8 150.2 130 109.9 
90.24 72.03 55.61 41.1 31.65 22.58 11.49 -1.947 -11.38 -7.529 
-3.742 3.641 12.53 18.41 20.86 23.63 25.41 27.84 32.51 38.47 
44.45 50 55.18 60.34 65.41 70.7 

165.8 162.9 159.4 159.2 162 166.1 171.4 177.1 183.1 189 
194.9 200.6 206.7 213.1 219 223.1 226.4 230.7 236.8 244.5 
251.3 257.5 259.8 257.9 253.9 247.8 240.7 232.2 224.8 221.1 
221.1 221.9 217.7 210.2 198.2 181.7 163.1 143 122.4 101.9 
81.89 63.27 46.43 31.73 20.67 10.52 -0.3511 -10.89 -16.26 -13.65 
-7.629 -0.1757 7.495 13.07 16.25 18.6 20.67 23.22 27.08 31.94 
37.04 41.98 46.66 51.15 55.45 59.63 

149.4 145.8 141.9 141.8 144.8 148.8 153.7 158.7 163.5 167.6 
170.9 173.4 176 179.3 182.7 184.9 187.2 191.4 198.1 208.2 
215.9 225.4 231 232.8 233.9 231.9 229.7 223.6 218.8 217.3 
219.2 225 214.5 204.5 190.3 172.7 154.2 134.4 114.3 95.07 
75.52 57.56 41.43 24.82 15.09 4.582 -5.568 -14.58 -18.87 -14.75 
-7.992 -1.61 4.931 9.868 12.9 15.31 17.49 19.99 23.43 27.56 
31.91 36.21 40.33 44.24 47.8 51.09 

131.4 128.3 125.5 125.4 128 131.9 136.5 140.9 144.5 146.8 
147.3 146.3 145.1 145.2 145.2 145 145.2 147.7 153.3 161.7 
172.4 183.9 193.5 200.8 206.3 209.2 209.7 206 201.5 200.6 
203.6 205.5 200 189.9 176.5 160.4 143.2 125.5 107.8 90.9 
74.35 58.57 43.62 29.06 16.51 4.881 -5.129 -12.65 -15.59 -12.7 
-7.281 -1.69 3.69 7.964 10.96 13.4 15.66 18.14 21.22 24.79 
28.56 32.33 35.99 39.46 42.61 45.41 

114.2 110.6 108 108.5 111.4 115.5 120 124 127.1 128.1 
126.4 121.7 115.4 113.6 109.9 106.5 103.4 103.2 107.5 113.3 
126.7 140.3 152.6 164.3 174.7 180.7 186.3 182.1 175.7 175 
180.5 184.2 179.9 171.5 159.9 146.1 131.5 116.9 102.1 88.91 
76.19 63.16 50.29 37.4 22.48 8.862 -1.07 -7.564 -10.19 -8.527 
-4.707 -0.3402 3.927 7.53 10.35 12.73 14.99 17.37 20.16 23.28 
26.57 29.95 33.27 36.48 39.51 42.22 

95.08 92.3 90.83 91.9 95.22 99.67 104.6 109 112.2 112.9 
110.1 103.6 95.35 88.12 80.25 72.7 66.44 64.29 67.33 73.61 
85.3 98.29 110.9 123.4 135.3 145.1 152.8 151.6 147 147.6 
154.2 159.2 157.4 151.6 142.8 132.1 120.9 110.1 99 89.29 
79.51 68.57 57.03 44.99 29.58 15.46 5.721 -0.5334 -3.529 -2.851 
-0.4519 2.544 5.73 8.573 10.97 13.15 15.24 17.43 19.92 22.68 
25.61 28.63 31.71 34.69 37.7 40.41 

76.4 74.46 73.61 75.41 79.41 84.47 90.1 95.45 99.67 101.4 
98.41 90.79 80.51 68.66 56.1 44.92 35 30.92 34.53 40.61 
50.43 60.63 71.42 82.01 93.14 106.7 116.6 119.1 117.4 120.1 
128.1 134 135.2 132.2 126.8 119.7 112.4 106.1 99.19 92.03 
84.12 74.24 62.66 50.08 36.65 24.16 14.61 8.208 4.75 3.953 
4.831 6.556 8.623 10.67 12.58 14.41 16.25 18.2 20.38 22.78 
25.36 28.07 30.83 33.6 36.35 38.96 

61.3 58.99 58 59.96 64.27 69.86 76.3 82.84 88.61 91.91 
89.4 81.08 69.13 54.32 38.48 25.47 13.48 7.954 11.97 16.12 
24.9 32.06 40.53 48.46 57.11 73.96 86.83 92.06 91.83 96.33 
107.4 114 117.3 116.3 114.5 110.8 106.8 105.6 101.5 96.61 
90.16 80.66 68.76 56.5 44.28 32.73 23.81 17.33 13.2 11.32 
10.93 11.4 12.44 13.66 14.96 16.35 17.83 19.48 21.34 23.41 
25.67 28.06 30.55 33.06 35.58 38.02 

50.1 46.25 44.43 45.7 49.74 55.46 62.47 70.29 77.76 83.18 
81.63 73.23 60.7 44.41 27.99 15.18 5.744 1.244 1.934 5.227 
11.29 17.3 22.76 28.07 36.58 50.54 63.83 73.27 79.47 86.62 
95.22 101.6 105.1 106.4 107.7 108.8 109.6 110.2 108.3 103.4 
95.82 86.25 75.4 63.99 52.7 42.14 33.36 26.61 21.83 18.87 
17.31 16.7 16.74 17.17 17.85 18.74 19.81 21.11 22.64 24.4 
26.35 28.45 30.68 32.96 35.28 37.56 

40 35.12 31.47 31.95 35.32 40.54 47.36 56.32 64.51 73.96 
73.05 64.43 54.34 36.91 20.03 10.85 4.358 0.9569 0.9925 1.351 
7.708 12.08 15.02 16.45 21.03 35.78 49.28 62.28 72.97 82.03 
89.53 94.59 98.16 99.74 104.6 110.5 115.5 118.9 118.5 113 
103 92.95 83.22 72.29 61.7 51.56 42.8 35.67 30.2 26.33 
23.73 22.14 21.29 20.95 21.01 21.39 22.05 22.98 24.18 25.63 
27.29 29.13 31.12 33.2 35.35 37.5 

31.69 25.74 21.23 19.52 20.66 24.22 30.03 37.57 45.78 53.23 
54.38 49.57 41.65 30.24 19.33 12.88 9.635 8.426 8.808 10.23 
14 16.74 17.23 16.42 19.47 30.2 43.24 57.75 71.38 81.77 
88.52 92.73 95.81 98.79 105.7 115 123.7 130.2 131.7 126.2 
115.2 104 93.52 82.19 71.38 61.02 51.94 44.28 38.1 33.4 
29.92 27.45 25.8 24.77 24.23 24.13 24.36 24.94 25.8 26.96 
28.36 29.96 31.75 33.65 35.67 37.73 

24.86 17.87 11.85 8.059 6.412 7.679 12.03 17.5 24.52 30.43 
33.13 32.21 28.61 23.77 19.3 17.06 17.85 19.45 20.97 23.61 
25.79 27.71 25.67 22.37 23.05 29.42 40.64 55.85 72.91 84.09 
89.01 92.69 94.7 98.99 107.2 119.5 132.2 142 147.1 141.8 
130.5 117.9 105.3 92.95 81.12 70.18 60.48 52.19 45.34 39.88 
35.63 32.41 30.06 28.41 27.33 26.77 26.64 26.88 27.44 28.3 
29.44 30.85 32.46 34.22 36.12 38.13 

19.43 11.61 4.258 -1.485 -5.45 -6.241 -3.618 -0.06668 5.017 9.736 
13.78 16.53 17.41 17.43 17.51 19.03 23.31 27.77 31.26 35.12 
36.17 37.26 32.94 27.24 25.11 27.78 36.14 50.68 70.06 81.35 
84.49 88.69 88.88 93.56 102.2 117.1 134.6 148.6 161.9 154.8 
143.2 129.6 115.7 102.3 89.58 78 67.78 58.96 51.55 45.51 
40.67 36.82 33.92 31.76 30.23 29.29 28.85 28.81 29.05 29.64 
30.53 31.74 33.21 34.79 36.63 38.59 

15.72 7.4 -0.9045 -8.189 -14.2 -16.65 -15.2 -13.1 -10.81 -8.453 
-3.158 3.824 8.74 11.16 13.4 17.26 23.16 29.97 36.82 41.55 
41.36 39.13 34.4 28.78 24.78 23.23 27.06 39.47 55.21 66.18 
71.33 74.02 75.64 79.4 87.73 101.7 121.7 144.7 160.9 160.5 
150.4 136.9 122.6 108.7 95.69 83.86 73.36 64.26 56.51 50.07 
44.79 40.52 37.17 34.65 32.83 31.58 30.84 30.52 30.49 30.88 
31.53 32.51 33.78 35.3 37.06 39 

14.08 5.702 -3.301 -10.9 -18.76 -22.94 -21.43 -21.62 -21.3 -22.84 
-16.39 -5.823 1.977 4.492 7.237 12.1 19.07 27.42 36.8 45.49 
39.99 36.85 31.55 26.96 23.02 17.57 13.49 26.89 41.18 50.86 
55.64 57.65 58.68 60.59 67.83 79.05 100.6 134.5 162.3 160.5 
151.5 138.9 125 111.7 98.88 87.32 76.95 67.88 60.07 53.46 
47.99 43.43 39.79 37.07 35.11 33.65 32.72 32.18 31.94 32.08 
32.48 33.2 34.24 35.69 37.38 39.3 

14.42 6.729 -1.103 -8.331 -14.77 -18.97 -20.79 -22.55 -24.56 -25.55 
-21.32 -13.29 -6.657 -3.01 -0.0839 3.883 9.876 18.01 27.26 32.33 
27.86 22.54 20.66 21.49 20.6 16.08 13.52 20.76 30.85 38.05 
41.43 42.23 42.05 43.08 48.92 60.16 82.62 116.3 143.9 148.2 
143 133.5 121.9 110.3 98.79 88.13 78.4 69.73 62.14 55.61 
50.14 45.59 41.91 39.17 37.19 35.66 34.59 33.95 33.49 33.44 
33.62 34.06 34.8 36.14 37.7 39.52 

16.27 9.456 2.854 -3.102 -7.859 -12.11 -16.21 -19.61 -23.68 -26.05 
-23.78 -18.29 -13.34 -10.65 -8.72 -7.188 -3.869 2.564 11.79 17.32 
8.702 -0.2345 4.002 15.06 20.32 16.86 15.02 18.63 24.58 28.81 
30.11 29.19 27.29 26.91 31.91 43.02 64.31 93.82 117.8 127.7 
127.6 122.4 114.5 105.3 95.8 86.55 77.85 69.91 62.79 56.52 
51.24 47 43.62 40.93 38.86 37.27 36.15 35.35 34.82 34.64 
34.68 35.03 35.65 36.7 38.07 39.66 

18.51 12.57 6.985 2.125 -1.835 -6.24 -11.44 -16.38 -21.84 -25.62 
-25.26 -22.03 -19.05 -18.09 -18.47 -20.53 -21.51 -18.55 -11.26 -5.443 
-13.7 -20.89 -11.07 6.54 16.94 15.48 14.58 17.28 20.98 22.87 
22.11 19.28 15.31 12.77 17.4 27.06 46.1 73.92 97.07 107.7 
111 109.5 104.8 98.22 90.86 83.22 75.7 68.69 62.28 56.51 
51.53 47.93 44.89 42.49 40.65 39.07 37.89 37.18 36.74 36.47 
36.65 36.69 37.22 37.83 38.82 40.02 

20.82 15.46 10.38 6.139 2.746 -1.852 -7.936 -13.9 -20.26 -25.01 
-26.13 -24.87 -23.75 -24.24 -27.31 -33.58 -40.98 -42.81 -39.87 -37.77 
-36.08 -32.86 -20.89 -4.289 7.428 12.02 14.14 16.85 19.24 19.86 
17.82 13.17 7.24 3.45 7.427 18.35 36.11 58.45 77.86 90.04 
95.71 96.77 94.62 90.34 84.84 78.72 72.42 66.33 60.8 55.94 
51.84 48.44 45.68 43.37 41.6 40.29 39.04 38.13 37.91 37.49 
37.25 37.52 37.98 38.62 39.34 40.31 

23.03 17.65 12.48 8.072 5.072 0.2618 -6.812 -12.16 -19.57 -25.18 
-26.54 -26.03 -25.97 -27.35 -31.52 -41.04 -55.49 -60.68 -59.48 -61.98 
-50.94 -44.08 -27.68 -9.874 3.058 10.07 13.72 18.14 20.43 20.91 
18.38 12.24 4.364 -4.518 1.553 12.7 28.44 47.88 64.67 76.16 
82.7 85.32 84.92 82.35 78.38 73.66 68.47 63.26 58.71 54.85 
51.68 48.7 46.1 44.18 42.59 41.34 40.19 39.29 38.79 38.67 
38.37 38.38 38.97 39.37 39.89 40.81 

24.91 19.15 13.1 7.544 2.364 -3.244 -9.409 -15.05 -20.03 -23.66 
-25.06 -25.16 -25.45 -27.02 -31.15 -39.14 -49.41 -56.3 -59.36 -58.84 
-51.01 -40.27 -25.49 -9.591 3.105 11.56 17.46 22.37 25.7 26.78 
24.85 18.96 10.02 2.411 4.813 13.75 26.71 42.13 55.92 66.07 
72.5 75.7 76.27 74.81 72.01 68.36 64.34 60.19 56.52 53.29 
50.84 48.2 46.14 44.48 42.88 42.2 41.11 40.72 40.58 40.17 
40.11 40.43 40.77 40.89 41.1 41.66 

26.7 19.63 12.56 5.785 -1.273 -7.465 -12.82 -18.21 -20.63 -22.35 
-23.17 -23.14 -23.21 -24.22 -26.25 -31.71 -36.7 -43.37 -49.64 -50.07 
-42.89 -31.37 -18.65 -5.047 6.69 15.16 22.36 27.84 32.67 34.76 
34.64 30.54 20.06 12.46 12.52 18.78 28.54 39.92 50.75 59.03 
64.76 67.89 68.81 68 65.89 63.07 60.26 57.44 54.69 52.19 
50.47 47.96 46.49 45.47 44.16 43.13 42.84 42.02 41.51 41.18 
42.03 41.83 42.62 42.58 42.74 42.83 

25.11 18.6 11.57 4.57 -2.616 -8.672 -13.8 -18.04 -19.97 -21.06 
-21.58 -21.56 -21.46 -22.09 -22.79 -26.03 -28.59 -33.66 -39.36 -39.91 
-33.59 -23.27 -12.43 -0.874 9.641 17.68 25.36 30.86 36.67 39.24 
40.49 38.21 27.83 20.25 19.7 23.89 30.83 39.14 47.58 53.89 
58.73 61.45 62.5 62.16 60.62 58.26 56.9 55.22 53.4 52.11 
50.91 49.13 47.21 46.42 45.08 44.59 43.96 42.83 42.56 42.39 
43.28 43.54 43.21 43.9 43.95 43.55 

